Mixture	B cells naive	B cells memory	Plasma cells	T cells CD8	T cells CD4 naive	T cells CD4 memory resting	T cells CD4 memory activated	T cells follicular helper	T cells regulatory (Tregs)	T cells gamma delta	NK cells resting	NK cells activated	Monocytes	Macrophages M0	Macrophages M1	Macrophages M2	Dendritic cells resting	Dendritic cells activated	Mast cells resting	Mast cells activated	Eosinophils	Neutrophils	P-value	Correlation	RMSE	Absolute score (sig.score)
B.1.351.ID14_1st	0.00432700412085193	0.127935763179036	0.00463390931611897	0	0.21547762605748	0.145983696042794	0.0773656110856827	0	0	0	0.308778333540028	0	0.823322511635817	0	0	0.122921932896731	0	0.074465833858153	0.307459870163269	0	0	3.61641890810404	9999	0.793288293835142	0.61471451156568	5.829091
B.1.351.ID14_2nd	0	0.191514968115593	0.006436579009904	0.0460582216168009	0.0541300265890865	0.376891801606359	0.195809183686105	0	0	0	0.424250872925706	0	0.740655123139279	0	0	0	0	0.0668056965742184	0.404208510727395	0	0	4.17131701600955	9999	0.806455173738736	0.595595131353113	6.678078
B.1.351.ID1_1st	0	0.297074683217523	0	0.00765911327437395	0.102223494869775	0	0.12036044336662	0	0	0.0322160776399996	0.139673635708101	0	0.612661057276496	0	0	0.0517646995622039	0	0.0313428042828868	0.258311510912146	0	0	2.81343847988987	9999	0.672932945883565	0.765906163832568	4.466726
B.1.351.ID1_2nd	0.0829164442345303	0.100149181757248	0.00206467763041534	0.136668145827388	0.094444875643523	0.0807176955954893	0.086440845743751	0.0294020010016534	0	0.0275410892215898	0.286294801637272	0	0.0111822896924995	0	0	0.0921288140862618	0	0.0861329057146765	0.318482384714927	0	0	4.02186284749878	9999	0.714353676594001	0.737835385514521	5.456429
B.1.351.ID1_3rd	0.315454921358152	0.125045913027656	0	0.372717366621251	0	0.557440823153761	0.157310748820262	0.1788451014129	0	0	0.346054796357856	0.0312112168599586	0.0710178089531273	0	0	0.541243767842883	0.0037492042074696	0.0606035891846528	0.405254096645664	0	0	4.1819486455544	9999	0.733484785797774	0.682121724017472	7.347898
B.1.351.ID24_1st	0.174789700948878	0.0480826144763267	0.00218097419750581	0.00764526912308883	0.224672298755251	0.0255370821912116	0.264226935502782	0.0816398637130251	0	0	0.432878680404148	0	0.664202285085407	0	0	0.191926609664762	0	0.0966420886556859	0.4379450891427	0	0	4.16952550813923	9999	0.722077003664269	0.70168875579061	6.821895
B.1.351.ID24_2nd	0.147366766531825	0.0384172506546518	0.00262438114678034	0	0.290092780249426	0	0.0711537818745122	0	0	0	0.427122136498755	0	0.221229703624224	0	0	0.010889103903338	0	0.0775067098433191	0.289227527906289	0	0	3.82154485776688	9999	0.75656311923246	0.677327100008667	5.397175
B.1.351.ID24_3rd	0.342859277473341	0.0343222887308798	0	0.0178679959427923	0.818451296022191	0.587472746105434	0.273791881778761	0	0	0	0.612249089318562	0	0.487034148425985	0	0	0.0225618071662861	0	0.00602565371501774	0.199802749640741	0	0	4.96559706568001	9999	0.745277418806948	0.670919577153473	8.368036
B.1.351.ID2_1st	0	0.251218982479393	0	0.206214739172773	0.286645935454897	0	0.213551463562584	0	0	0	0.365869752343026	0	0.347800681643948	0	0	0.122033814907658	0.00265714421231026	0	0.280006869782203	0	0	3.18999461644121	9999	0.771741869534993	0.639595879538437	5.265994
B.1.351.ID2_2nd	0	0.20319301090173	0	0.107511428963175	0.264979477074547	0.0884769058006516	0.118111428090017	0.0580378938486946	0	0	0.322473962971231	0	0	0	0	0.19245168895644	0	0.0771083148638937	0.48598831723605	0	0	4.29278457129357	9999	0.773898804033539	0.646260337312939	6.211117
B.1.351.ID2_3rd	0.0680595652724542	0.243509696723817	0.00285754312036381	0.704835906961906	0.00140346352670171	1.03836486346738	0.252041138949617	0	0	0	0.481047760004139	0.0295786341876381	0.323205030419913	0	0	0.311275651454216	0	0.00420362636898109	0.209798879515565	0	0.0504937312510244	3.67292150877628	9999	0.730656428647293	0.685115075909209	7.393597
B.1.351.ID3_1st	0.0256762053349336	0	0.0141915483482247	0	0.0650878326263726	0	0.0747812767171348	0	0	0.0212629785531562	0.10954597103712	0	0.405740794214968	0	0	0.0107162854905876	0.000616660427208365	0.0333091479300886	0.200107504396312	0	0	1.67007779492389	9999	0.783984857341473	0.630245038320988	2.631114
B.1.351.ID3_2nd	0.0422272123486504	0	0.0339186744062532	0.00973934690410075	0.0635355077054002	0	0.0157731458952013	0.0491701094378736	0	0.0132777798535171	0.183420809058135	0	0.281302338991726	0	0	0.00406410380327346	0.0019073031737105	0.0523248406338824	0.161109711511358	0	0	2.73831311627692	9999	0.772351889871302	0.672204819485692	3.650084
B.1.351.ID3_3rd	0.0427449833753782	0	0.0265368648145196	0.285819149198872	0.0425989373862923	0.0412352801956767	0.169126855340081	0.0454261566823703	0	0	0.285751141781375	0	0.597873711303756	0	0	0.305981629267118	0	0.0220889645669871	0.389301180683908	0	0	2.88004714540367	9999	0.681390554577772	0.739872990776323	5.134532
B.1.351.ID4_1st	0.0227327511433656	0.133588604492808	0	0	0.0925590052758672	0	0.0343571477070997	0.00859438895235478	0	0.0163851359271357	0.147683501937304	0	0	0	0	0	0	0.0427274393278178	0.108680910727243	0	0	2.212495114509	9999	0.789973338471147	0.650612114463634	2.819804
B.1.351.ID5_1st	0.014819260747723	0.0555735709719178	0.0311260224767913	0	0.154303350856673	0	0.0749399087665471	0	0	0.0118433300628918	0.220839754796867	0	0.426563509454336	0	0	0.0508789299541423	0	0.0454668724838335	0.190887871885043	0	0	2.15399661754323	9999	0.607860157880254	0.833433521109272	3.431239
B.1.351.ID5_2nd	0.0443483493477256	0.0626857930087582	0.0124977435656129	0.0745917983621893	0.15513998515565	0.294361626333035	0.141626543301515	0.0412438877402716	0	0	0.21981758395016	0	0.120140542346512	0	0	0.0994217105083192	0	0.041112092873613	0.275338217938083	0	0	4.48325512556856	9999	0.75303371369333	0.688764904738204	6.065581
B.1.351.ID5_3rd	0	0	0	0	0	0	0	0	0	0	0	0	0	0	0	0	0	0	0	0	0	0	9999	0.576211015597386	0.830387542010102	0
B.1.351.ID6_1st	0.017208747254368	0.0224116394812568	0.00587604254920196	0.00619657732981591	0.0935210666312131	0	0	0.00639951084688986	0	0.00773847128404898	0.130947443465418	0	0	0	0	0.0661237681575743	0	0.0287977776351851	0.0904177784031715	0	0	1.96279417696186	9999	0.626826660033989	0.874651656101639	2.438433
B.1.351.ID6_2nd	0.0441020321316328	0	0.0167722673632207	0.0903281545745635	0	0.187326280477997	0.0245110766919326	0	0	0	0.264137094442425	0	0	0	0	0.080804784422772	0.000844853501683751	0.0613182552158421	0.212785658887732	0	0	2.8247735422902	9999	0.670716137117091	0.793111069305817	3.807704
B.1.351.ID6_3rd	0.0202840356456707	0	0.0307288461565932	0.0565185800657549	0.139867433628462	0	0.0145475733262572	0	0	0	0.20710797060465	0	0	0	0	0.122678494101297	0	0.0498610037215739	0.0820192726803429	0	0	2.8734137900694	9999	0.762491779162679	0.697631493022718	3.597027
B.1.351.ID7_1st	0.166456184322334	0.452806300667459	0	0.307428772475841	0.330383941717512	0	0.0242924993249827	0	0	0	0.475301741747511	0	0	0	0	0.316316843071087	0	0.00605015454077376	0.389777101551945	0	0	3.68059546058056	9999	0.747099406244469	0.668787728342476	6.149409
B.1.351.ID7_2nd	0.128949820628463	0.447490953037699	0	0.15781454801757	0.173135759554108	0	0.00268883027645663	0.0643579320811462	0	0.0506760830223506	0.199434542433022	0	0.473698150643759	0	0	0.108851714818681	0	0.0886457546673893	0.262175620757705	0	0	3.10203129006165	9999	0.693774657636804	0.730768367701261	5.259951
B.1.351.ID7_3rd	0.432488750430685	0.1930528924534	0	0.905710970859785	0	0	0.371472862323723	0.0650361318123504	0	0	1.13061754674796	0	1.5262781667811	0	0	0	0	0.0198207320360651	0.0988551505337292	0	0	5.1737837960212	9999	0.724674068192124	0.692024239246507	9.917117
BNT_Aus_15_1	0.282379230080277	0.341615375540057	0	0.356697464837067	0.632879772731472	1.1403229924771	0.403680215752355	0	0	0	0.899668693427474	0	0	0	0	0.413769822405469	0.021417458038938	0	0.246719250972018	0	0	5.79282372373777	9999	0.72432478331195	0.691367345897454	10.531974
BNT_Aus_15_2	1.22895257390183	0	0	0.515995188296666	0.561179635314689	1.47766494261963	0.227342103696777	0	0	0	0.859099725889966	0	0.410065135664254	0	0	0.154931924632643	0	0	0.277495846030203	0	0	4.34484392395334	9999	0.619656402071475	0.785854290013076	10.057571
BNT_Aus_16_1	0	0.200663725047746	0	0.152016232788708	0.863532231708601	1.62699741567529	0.220019483799178	0	0	0	0.629775672894199	0	0	0	0	0.0274996649049831	0	0.00093081914112344	0.116160807511265	0	0	4.95643894652891	9999	0.729910594904247	0.685740281233802	8.794035
BNT_Aus_16_2	0.0911468216239046	0.354484753366068	0.0296844456646666	0.255003688204285	1.60586197996845	2.21005541887473	0.215455306443445	0	0	0	0.670019371929794	0	0.107490776345081	0	0	0.0555060002833214	0	0	0.18010531036142	0	0	4.43208712693483	9999	0.688595609772243	0.726760963901601	10.206901
BNT_Aus_19_1	0.420358231077981	0.264459110741763	0	1.10169910008625	1.42943485361073	0.750685654194229	0.110680394809834	0	0	0	1.07992044536469	0	0.240719218770081	0	0	0.752252783486307	0	0	0.149518884184457	0	0	2.34757732367367	9999	0.665223331449446	0.758726913309332	8.647306
BNT_Aus_19_2	0.336100326282413	0.171406416683192	0	0.661800531842122	0.857191011710006	2.72047552910502	0.407272582678785	0	0	0	1.39062098825113	0	0.756517903879766	0	0	0.028748863782749	0	0.0182175842076982	0	0	0	4.65044326157712	9999	0.731229624792308	0.691892964585138	11.998795
BNT_Aus_20_1	0.19970089845867	0.312409213134328	0	1.12710018956321	0.45808137623635	1.2329832158124	0.335403153183278	0	0	0	0.829772498015206	0	0.229621175031781	0	0	0.166052556124882	0	0.0112428247452988	0.222922896009705	0	0	3.69252500368489	9999	0.721551977352285	0.699577978438629	8.817815
BNT_Aus_20_2	0.300670213832405	0.220910832992674	0	0.908915434182703	0.719450733813408	0.806181869644756	0.422276824826549	0	0	0	0.981910710177295	0	0.170565071750361	0	0	0.35229005349277	0.0692880964382858	0.0701374391392947	0.178574634002748	0	0	4.58242008570675	9999	0.783660077666523	0.63446500392564	9.783592
BNT_Aus_21_1	0.729986278365542	0.0776093863496402	0	2.12268296445601	0.0288512447148544	0.196407017152475	0.446931073586929	0.0289016269399909	0	0	0.779564214101228	0	0	0	0.0319681050723448	0.715693590815311	0	0	0.539681067593132	0	0	4.77728543085254	9999	0.728544944504554	0.691577589618098	10.475562
BNT_Aus_21_2	0.635315702134455	0.461994776982289	0	2.18511712064281	0.137365699079533	0.188265992981304	0.650733737981322	0.118444564788313	0	0	1.65094022022447	0	0.191380876365841	0	0	0.116899470052585	0	0.0144480701707612	0.428157651757883	0	0	5.31551911683843	9999	0.716547216520402	0.702646619450971	12.094583
BNT_Aus_22_1	0.280838935506539	0.0992723728814905	0.000480323271767416	0.0944110795799013	0.338927883678198	0.739328579186861	0.163519014259222	0	0	0	0.673672448144147	0	0	0	0	0.249889933249359	0.0123063819867676	0.0541918831537011	0.252811240058913	0	0	6.77389992504313	9999	0.80795875453024	0.59962234884486	9.73355
BNT_Aus_22_2	0.265058731695763	0.0785007992738769	0	0.193474719027515	0.405228465605151	0.732957572033732	0.290482238296491	0	0	0	0.664825490008152	0	0.312928489940966	0	0	0.0693861594445808	0	0.0207251482909833	0.112777610060861	0	0	6.12724457632193	9999	0.799627053166175	0.607634956596945	9.27359
BNT_Aus_23_1	0.288191668824305	0.31748760632068	0	0.506547082854559	0.72821590575921	0.570349754572304	0.455701304125309	0	0	0	0.626363682336136	0.0308114054076042	0	0	0	0.307958315068269	0.0366597121770248	0.138250123198629	0.446032981082281	0	0	5.20477945827369	9999	0.719085494187063	0.696566156975942	9.657349
BNT_Aus_23_2	0.110579500630679	0.245603465602501	0.00264130081671338	0.328580675669511	0.493709349357432	1.07898384140342	0.328251380917211	0	0	0	0.763448805302672	0	0	0	0	0.338541660263383	0	0.0945556244100031	0.272031601503247	0	0	6.06255679412322	9999	0.757066675032373	0.656457026003258	10.119484
BNT_Aus_25_1	0.202597514310719	0.0770074454022404	0.0182379444158836	0.528948654750031	0.609295861836324	0.257663176591433	0.355759384200008	0.0816890474277926	0	0	0.594734037558277	0	0	0	0	0.454951385220606	0.0476398427229282	0	0.428922582043946	0	0	6.42906112351981	9999	0.784007554427095	0.625244036784096	10.086508
BNT_Aus_25_2	0.248031168757316	0	0.0316086206081629	0.432850977416033	0.438293661470282	0.0503518129259735	0.188862693847659	0	0	0	0.657558910255043	0	0.33412525317449	0	0.0129347855763452	0.296716676837747	0.0246903002747624	0	0.152770503992623	0	0	6.05171663486356	9999	0.837078319947157	0.554240629242976	8.920512
ID10_1st	0.141630734965482	0.139752052784966	0.00305349735932783	0.498511410921053	0.323149673652671	0.501686337859593	0.353929031533534	0.0487653748381602	0	0.0842596113594475	0.322873322336901	0	0	0	0	0.212347737662717	0.00861336117107523	0.13858905316688	0.264212022529853	0	0	5.20315677785834	9999	0.718547917176132	0.704793213710689	8.24453
ID10_2nd	0.37890551506979	0.18121205204352	0	1.84416631989499	0.841656139665548	0	0.423597018641848	0	0	0	0.975060823575083	0	0	0	0	0.392731285157494	0.0518137220423849	0.0590905881476012	0.362859880739142	0	0	5.9717276550226	9999	0.775665862997142	0.637025251020338	11.482821
ID11_1st	0.450379942771629	0.172577126712709	0	0.330987691484415	0.575479581554184	1.56077326088784	0.205601045907396	0	0	0	1.07004288481048	0	0	0	0	0.323330787236151	0.018796062310775	0.16139949502991	0.357147074208378	0	0	6.35477904708613	9999	0.765278199891212	0.646924439182503	11.581294
ID11_2nd	0.4687642293494	0.249196208234858	0	0.174870948463208	1.01599454651976	1.84655666613469	0.291026515606357	0	0	0	1.07684356033261	0	0.607569315049109	0.0431772274839341	0	0	0	0	0.234381833214938	0	0	5.73301794961113	9999	0.740209055600241	0.675461413946192	11.741399
ID11_3rd	0.313605971901589	0.106896919650103	0	0.237706190970883	0.437273415806676	1.54336702963495	0.556531520604559	0	0	0	0.96418444397514	0	0	0.112112717185037	0	0.0170893664231207	0	0	0.299000709475612	0	0	6.23682371437233	9999	0.75779995385863	0.654786963889569	10.824592
ID19_1st	0.105348794847934	0.178844571128882	0.0362193137476778	0.0664063403186209	0.564247253597739	0.14251245938415	0.386454069476606	0	0	0	0.538816312010754	0.0485901445044287	0.75183592434198	0	0	0	0.0102164234323572	0.0498221959176683	0.488609493831031	0	0	5.21455670346017	9999	0.733812819231679	0.686461525977145	8.58248
ID19_2nd	0.0203808221282578	0.406477102612246	0	0.724543217384514	0.987939533011762	0.257421203580796	0.293434635730978	0	0	0	0.533866574906434	0.0116536353066681	1.42783200000598	0	0.00788392745105876	0.395484381830653	0.009239076774193	0.0608563920975586	0.304266296358979	0	0	4.87608220081993	9999	0.723281809900721	0.691813935897711	10.317361
ID20_1st	0.100317636838827	0.0931249414000133	0.0407275107455611	0.111793870220617	0.339806798672604	0	0.256040144950289	0.082855316418613	0	0	0.663095726898198	0	0.809052281235546	0	0	0.168594204815693	0.00488021921994218	0.056829053551376	0.367118441310125	0	0	4.9851258537226	9999	0.764438622248722	0.651197135791667	8.079362
ID20_2nd	0.139742967276861	0.0278222652149471	0.0296348059115193	0.4538076231137	0.037597309379779	0.736205316067105	0.379999863723697	0	0	0	0.615940018494756	0.0470044218105943	0.326489730578772	0	0	0.294753381637952	0.0388060937031909	0.055734806613379	0.381607015338379	0	0	4.38812738113537	9999	0.789359793355645	0.61789312045199	7.953273
ID21_1st	0.157591928090595	0.122705134303575	0.00646278092461107	0.0838951446848807	0.0380169659310877	0.149024540844633	0.105245366534997	0	0	0.0237994318770839	0.353527382723587	0	0	0	0	0	0.024016942734698	0.0978581927402625	0.290191493270953	0	0	4.54768369533904	9999	0.774216429674674	0.664349435892522	6.000019
ID21_2nd	0.11954464995268	0.132312970684766	0	0.375775306129105	0.0329007666431285	0.630535003173882	0.28503230059	0	0	0	0.696425386360096	0	0.899320996495786	0	0	0.276215313885423	0	0	0.342132650709995	0	0	3.64395665537514	9999	0.640565221196996	0.771557560979313	7.434152
ID22_2nd	0.000658942358904734	0.124576848013459	0.0172706980765579	1.38058772186591	0.181889261140161	0	0.755574246008346	0	0	0	1.18085729307909	0	0.404064246229687	0	0	0.128669628747451	0	0	0.183703047356086	0	0	4.50886006712434	9999	0.770317240718655	0.642034422032161	8.866712
ID23_2nd	0.0933548956484323	0.0129940695220838	0	0.32156669108081	0.0390031782193489	0.111967692063585	0.193040535858103	0	0	0	0.255257320187786	0	0.776456837474128	0	0	0.121082183987277	0	0.0083132965070326	0.0813803076734151	0	0	4.471158991778	9999	0.776156720702075	0.651673346628713	6.485576
ID26_1st	0	0.0868923553357907	0.00585565277647848	0	0.0638167350160089	0	0.0861238364730708	0	0	0.00804458377911798	0.0870745731805	0	0.151373681144281	0	0	0	0	0.0401975918375134	0.113194279681111	0	0	1.92498871077613	9999	0.715714733121073	0.746439642945823	2.567562
ID27_1st	0.168006700156744	0.0744894682950474	0.0851115946678081	0.352202355562341	0.568283946063589	0.0379446039478818	0.66955209393107	0	0	0	0.840423554698484	0	0.326521434505029	0	0	0.308269205205102	0	0.143372062844918	0.608133319832447	0	0	6.07064666028954	9999	0.769535103327008	0.641069513874044	10.252957
ID27_2nd	0.17148173228898	0.306695870493771	0	0.799141916380092	0.807500394435682	1.35739886614813	0.442730504163895	0	0	0	1.49226110377982	0	1.13519207861303	0	0	0.0381496313522743	0	0.0088675131918239	0	0.0505860542574048	0	4.7279813348951	9999	0.803237204399084	0.617267901678474	11.337987
ID28_1st	0.255786702711778	0.0720473047983427	0	0.0334201992675407	0.580240720897483	0	0.284706013573909	0	0	0	0.52449735498461	0	0.394077248272911	0	0	0.248357270739928	0	0.0828956188101234	0.389169407092412	0	0	4.72990815885096	9999	0.738534112364141	0.682053729986233	7.595106
ID28_2nd	0.357241233538444	0.0573820056461792	0	0.10057226583693	0.7294384741783	0	0.206339058555868	0	0	0	0.571104175394978	0	0.871486985513213	0	0	0.113192971813924	0	0.00907335678061203	0.333868005178519	0	0	7.05254146756304	9999	0.784775533805862	0.633855735300825	10.40224
ID29_1st	0	0.286391507682745	0.0426692104810971	1.08197561285946	0.761829106410533	0	0.310468709706849	0.198382193407434	0	0	1.55295435543791	0.141182268907062	0.540566854906549	0	0	0.59707740976715	0.0245744322497569	0	0.339693258088707	0	0	5.01288408009475	9999	0.698875703713822	0.7170595987414	10.890649
ID29_2nd	0.127956979679292	0	0.024755502808146	1.14711740320482	0.838515496301254	0	0.00803842413608932	0.326870866992084	0	0	0.98840065465029	0.332691967786889	0.259915168531718	0	0	0.725292816362474	0	0.0109802159562477	0.00750808130051167	0	0.0907182256793232	2.53663019661087	9999	0.688428858398502	0.732605081694395	7.425392
ID30_1st	0.169548588571469	0.0833514298952813	0.0402897027903709	0.659814017044149	0.224424816547959	0.153134310204057	0.878190693002572	0	0	0	0.84475123319035	0.0293282537022966	0.517185020109455	0	0	0.303070251673881	0	0.142463405807857	0.438223324771103	0	0	5.2758379526892	9999	0.746200154633588	0.667542201367421	9.759613
ID30_2nd	0	0.23301993829278	0.028921902522082	1.04759424527023	0.427235580839651	0.276168476053154	0.87350004723562	0	0	0	1.5407640696279	0	1.21604908682887	0	0	0.018148764035803	0	0.00535227412987325	0.251109919826158	0	0	5.22941769533788	9999	0.762481420304557	0.652251364244542	11.147282
ID31_1st	0.0210849990588357	0.010193892801296	0.025003823853776	0	0.174708215779972	0	0.0379314662372396	0	0	0	0.217752936062578	0	0.0276758118344728	0	0	0	0	0.0502120171481972	0.168619380868556	0	0	2.74593545635508	9999	0.801855301890381	0.634507918367495	3.479118
ID32_1st	0.0277646699303408	0	0.00920779319584274	0	0.055899778128452	0	0.0181232053761777	0.0154959421091407	0	0.0142854331851681	0.0848836354082706	0	0	0	0	0	0	0.036148863763018	0.0925125360602489	0	0	2.24550514284334	9999	0.782376853314843	0.697697063268256	2.599827
ID33_1st	0.0729097122121134	0.00797404149783548	0.0098726871516172	0	0.0337224810219181	0	0.0117734825437208	0.0777015394687067	0	0.0359767190576862	0.123847212282287	0	0.0695967472075138	0	0.00719377324907983	0.120831563853438	0	0.0908411321611489	0.265027014588498	0	0	2.48105289370444	9999	0.682173476663582	0.776613881023485	3.408321
ID33_2nd	0.184386643639909	0.16644632795651	0	0	0.295948455135114	0	0.0805054749481402	0	0	0.029442499050286	0.329860943900061	0	0	0	0	0.319377568879332	0	0.0898257182258572	0.317654271775791	0	0	3.883273096489	9999	0.733852638200455	0.697311512156339	5.696721
ID34_1st	0.0268909941091167	0.0327102890649313	0.0506815631873354	0.0447092553559121	0.216063034959005	0	0.0729707768857687	0.0370235319021575	0	0.0431189253937322	0.179556669538845	0	0.430598592114411	0	0	0.100126096469568	0	0.0806411775757372	0.310607120099037	0	0	3.60830897334444	9999	0.643445426767858	0.812883413376654	5.234007
ID34_2nd	0.0686241246482638	0.0897347719401394	0.0406419551211021	0.336588970364702	0.232305002187099	0.10520002240524	0.166993475698971	0	0	0	0.638034797074878	0	0.386430970541398	0	0	0	0	0.0543273810551863	0.482225681087909	0	0	4.41836984787511	9999	0.757320245303379	0.660508910195006	7.019477
ID35_1st	0.0793931193816229	0.0242309553592633	0.0216161420736117	0	0.21731228691898	0	0.0679381087397324	0	0	0.00692201240405532	0.218158753283972	0	0	0	0	0.00625135950309114	0	0.0726585174106568	0.237300158406408	0	0	3.52166858651861	9999	0.768872669191794	0.682349306829467	4.47345
ID35_2nd	0.100917128580383	0.00451782428007419	0.0226039623798775	0	0.185764528800088	0	0.15986169060155	0	0	0.0197275267567449	0.208714792988692	0	0.305897122149584	0	0	0.0615861744528832	0	0.0396782648375686	0.192583459756492	0	0	3.52073052441606	9999	0.783094433570004	0.647867883450925	4.822583
ID38_1st	0.109038909515838	0.0271824339940731	0	0.474783296151395	1.09974198824365	0.236107175025186	0.258517485037338	0	0	0	1.1682870584386	0	2.98050427492507	0	0	0.0952762289433125	0	0.0265571489939486	0.306726335296307	0	0.0903331275284049	1.96722953790688	9999	0.662733182778936	0.755792876568684	8.840285
ID38_2nd	0.162486166410051	0.218315586015983	0.00719455534163449	0.333694777497908	0.883356859497118	0.462601368757517	0.246309535868766	0	0	0	0.646900689278941	0	2.19167915754082	0.0475454172146308	0	0	0	0	0.406280164029847	0	0	2.00620672254678	9999	0.620509998959471	0.786140123685176	7.612571
ID38_3rd	0.0691094412128157	0.273088166860757	0	1.02533527918949	1.28414481249581	0.22588577920675	0.211715596593058	0	0	0	0.985789731646625	0	1.8995265414696	0	0.0187805575276715	0.418535523355241	0	0	0.403522902616279	0	0.0620043218169356	0.869417346008979	9999	0.554443469280492	0.836141718305549	7.746856
ID39_1st	0.042612864888765	0.0547280110371674	0.0143391383845264	0.287383885228049	0.0256846140607157	0.084741075068723	0.277775642560259	0.0978793272076947	0	0	0.571240306871495	0	1.21279903684902	0	0.0190081510805744	0.600366298231106	0	0.110524268371709	0.342595453317736	0	0	3.45660492684246	9999	0.659644746694328	0.754269658889214	7.198283
ID39_2nd	0	0.236754113712389	0	0.853026310845132	0.263547759359961	0.297234791592786	0.663555305077371	0	0	0	1.653707680831	0	0.236526180021351	0	0	0.178882145134434	0	0	0.231744096006095	0	0	6.24932461741948	9999	0.734296010494955	0.682752584669105	10.864303
ID39_3rd	0	0.342628568253116	0	2.53260555931814	0	0.389785779513904	0.441206203374239	0	0	0	2.25431191220847	0.0639704219223035	0.449117985770477	0	0	0.399516614922875	0	0	0.144521961219405	0	0	2.07411699349708	9999	0.680086349040714	0.739191927176956	9.091782
ID40_1st	0	0	0.0179855473450583	0.59246364624373	0.495639631739243	0	0.602780357730168	0	0	0	1.6185822532265	0	2.07251756359174	0	0	0.244887140301995	0	0.0666136165216846	0.255886805377359	0	0	3.27165443792253	9999	0.656462736571881	0.754809217577107	9.239011
ID40_2nd	0	0.177657029412568	0.0466687287550947	0.655056613444561	0.11196984529204	0.220249693609654	0.367703520771824	0	0	0	0.712073970199044	0	0.511307953827771	0	0	0.108273102638849	0	0	0.0814975411793094	0	0	3.92510400086929	9999	0.64872406886174	0.773338787229982	6.917562
ID40_3rd	0.0947151379370682	0.12642419234023	0.0072705240540845	1.10742692826601	0.0916501970688196	0.382131680491631	0.247943177684133	0.109959149419702	0	0	0.956170737871101	0	0.602044682252598	0	0.0229362078476696	0.521579048306135	0	0	0	0	0.574405844154311	3.58226349230651	9999	0.714146227052409	0.704045819479346	8.426921
ID41_1st	0	0.273437627246743	0.0249823198867315	0.0220893113156707	0.313009775602964	0	0.254166549067598	0	0	0	0.44098172878851	0	0.397272284582231	0	0	0.194488606088957	0	0.0733356177955909	0.413889253998109	0	0	4.61464492562689	9999	0.760014892668306	0.660964181425824	7.022298
ID41_2nd	0	0.065559245887755	0.0260456485150912	0.274677139077455	0	0.0839133156570763	0.150903639671218	0.00556286635331154	0	0	0.355781339367536	0	0.937580876029968	0	0	0.0328907982745365	0	0.00569949174790479	0	0	0	3.40211163941815	9999	0.749716689368477	0.679164355577635	5.340726
ID41_3rd	0.0891130969067573	0	0.0245236443813211	0.11692043585467	0.250576848976284	0.0244690881145415	0.0968410837639384	0.0788249738323282	0	0	0.276099960905884	0	0.250916646965332	0	0	0.185556470155746	0.00181386620337272	0.0814002666099158	0.375617303741629	0	0	3.91584231358828	9999	0.756530654345037	0.669512813687463	5.768516
ID42_1st	0.237178087596407	0.241552850047972	0.0406887729300304	0.159302337598698	0.241600069365811	0.434169136652008	0.858508464876854	0	0	0	0.766528138495922	0.182671677026974	0	0	0.00859639154633627	0.239180693124349	0.0394801826337531	0.0249195673547082	0.385675756959951	0	0	6.82147787379023	9999	0.739535890954602	0.680883372362699	10.68153
ID42_2nd	0.228655438102163	0.232378304302394	0.0434636484564851	0.360012341285505	0.26711332334762	1.10458478759267	0.500507042895841	0	0	0	0.757203542845698	0	0.303929210585211	0	0.00402318081779375	0.384512250404445	0.0142367950940403	0.0112293508070446	0.398883335784256	0	0	6.24598344767883	9999	0.772507380727724	0.637353358190234	10.856716
ID43_1st	0.163465704053309	0.0542488454944202	0.181432005281919	0.015919525724293	0.418364891657456	0	0.0599467959587419	0	0	0	0.56479266394857	0	0	0	0	0.0473593251728626	0	0.0487274954867617	0.356627594211393	0	0	3.58793815301027	9999	0.580960374027222	0.856153885606475	5.498823
ID44_1st	0	0.208294200268668	0.022583877980665	0.168532242693576	0.272195643542929	0	0.475356228189216	0	0	0.542957911757111	0.740057270694595	0	1.10904088125606	0	0	0.204179847833684	0	0.00632338678225366	0.279306025905842	0	0	6.7258124830954	9999	0.759601156646689	0.65971303038339	10.75464
ID44_2nd	0.0554126774104967	0.166615403164031	0.00827860720984473	0.242827681563076	0.276016810574149	0	0.0440366602894743	0.169401539581697	0	0.0322875740161322	0.449035338473748	0	1.30849858961668	0	0	0	0.031373684023972	0	0.381745364551297	0	0	5.1458130695254	9999	0.773274452104733	0.64274330417889	8.311343
ID44_3rd	0	0.227984471537973	0.049619224227972	0.397673776227899	0.295522807356949	0	0.0636129888768712	0.0617153587761606	0	0	0.623636298269148	0	0.330243306643085	0	0.0121797780127943	0.286312963971598	0.101476819926247	0	0.202209826241915	0	0.0131566018006665	6.55053177813072	9999	0.787046385251393	0.635787025420914	9.215876
ID45_1st	0.0410066108518756	0.0549464571743549	0.0100487809327898	0	0.16687346034134	0	0.00340870870607764	0.0939464074710534	0	0.022159312852849	0.137154246550474	0	0.814320586185605	0	0	0.194823101500216	0	0.0675571265100469	0.277800588156941	0	0	2.99564361276638	9999	0.716317326172699	0.714682797535635	4.879689
ID45_2nd	0.128537899362501	0.176773784213587	0.059965515128498	0.626246817608439	0.497107289443848	0.0703211695407421	0.699769198811513	0	0	0	0.735128474581048	0.0173693589929087	1.26687439495069	0	0.0163204770976374	0.541690310650543	0	0	0.504667470514109	0	0	5.10000883910394	9999	0.735707924848037	0.678981577181978	10.440781
ID46_1st	0.0349396225627625	0.0244232317701929	0.0243408603260363	0	0.17503170450998	0	0.0361607384470337	0	0	0.0242852093654609	0.206829997299004	0	0.143536327213934	0	0	0	0	0.0467538701653339	0.196125165073202	0	0	2.80255827326706	9999	0.743598763357181	0.709708110986384	3.714985
ID46_2nd	0.0967553119154126	0.0959631540816931	0.00517719435513547	0.32804570373285	0.0435802504045992	0.304633723638362	0.108393097831886	0	0	0	0.445574333825082	0	0	0	0	0	0	0.0873233605528384	0.323098710716551	0	0	4.58193715894559	9999	0.788731401859183	0.631116327443571	6.420482
ID46_3rd	0.28210172024581	0	0	1.27734856500867	0	0.376980445181634	0.186105734776832	0	0	0	0.570073274810588	0	0.658705887892279	0	0	0.298142612858735	0	0.0457765340979569	0.089501147129215	0	0	1.71011807799828	9999	0.490345955672458	0.874727916211211	5.494854
ID48_1st	0.0709616417905361	0.0508382126661651	0.0319047768348041	0.0288844740272172	0.311943280289384	0	0.062440092816488	0.0870363015440522	0	0	0.304691952328187	0	0	0	0	0	0	0.0850894322144332	0.472565400676831	0	0	4.2079384348119	9999	0.715469695627992	0.735371420122552	5.714294
ID48_2nd	0.108116504052857	0	0.0514729735826188	0.00144165701522231	0.596552934986414	0	0.11710536275469	0	0	0	0.674925576529409	0	0.573863122151071	0	0	0.0730072901632784	0	0.0489133538788736	0.40955230563239	0	0	5.08611591925318	9999	0.748902271033898	0.676951027584103	7.741067
ID49_1st	0.84147186228838	1.49487037839831	0	0	0.223215074332553	0	0.137727553758742	0.00549552582053181	0.0224251139888382	0	0.132618522203333	0	0.0503436157970373	0	0	0.167809228246801	0	0.0231658071938046	0	0	0	4.15909131797167	9999	0.7550057547021	0.660912923684225	7.258234
ID49_2nd	1.42406894820922	1.27308246234783	0	0.198035634356558	0	0.178356880220152	0.168587500490734	0.171706430252129	0	0.046069207501483	0.515226450289714	0	0	0	0	0.413801656893845	0	0.0984975421660558	0.354054477148846	0	0	4.48854781012343	9999	0.704535810380257	0.711975365154242	9.330035
ID50_1st	0.185733471520615	0.0746404048426499	0.00754800476094125	0	0.127296590318032	0	0.174665233752267	0.0973820540421127	0	0.0836759713979444	0.297694182133562	0	0.214113430348824	0	0.00268929006494189	0.228831502983136	0.0131919171526189	0.100195293528375	0.452834780769143	0	0	4.15669287238484	9999	0.726137962854131	0.705358298389055	6.217185
ID50_2nd	0.228971025575516	0.356016513301796	0	0.596003995036109	0.579583615354155	0	0.410508476057955	0	0	0	1.31427823985324	0	0.502281115527706	0	0	0.390267830033245	0	0.0144638489094368	0.616490384252261	0	0	6.17422195609858	9999	0.747545352171683	0.666467031193173	11.183087
ID51_1st	0.0686645131673498	0.0752514133111834	0.00690214602558829	0	0.250097084387817	0	0.180171080569009	0	0	0.0113584461862907	0.313048613043274	0	0	0	0	0.162112620420046	0.00436665524460826	0.0760173313888738	0.301398353256446	0	0	3.62236374299951	9999	0.70063173400253	0.746467796293429	5.071752
ID51_2nd	0.0250379181728985	0.0120826947473765	0.0198859314136465	0	0.0762794148502759	0	0.0389588709909044	0.01018447220786	0	0.0273641381739454	0.0954492780443196	0	0	0	0	0	0	0.0384844609823048	0.117180241443763	0	0	2.30531557897271	9999	0.746669577142151	0.734785232797463	2.766223
ID52_1st	0.0571510855266742	0.10612923644329	0.00537949219404968	0.244629462054468	0.206314484682918	0.0790252626265524	0.0609242544636733	0.037122130879627	0	0	0.193143029988176	0	0	0	0	0.0292252033088648	0	0.0914375581634163	0.482860859081658	0	0	4.57966094058663	9999	0.675583660789967	0.786486640353118	6.173003
ID53_1st	0.0426961816160838	0.0346939318551577	0.032300871833939	0	0.163886666510811	0	0.183136553217027	0	0	0	0.373251356962853	0	0.391512159755848	0	0	0.133922957533232	0	0.0501027430633068	0.21228110156224	0	0	3.4606664760895	9999	0.660027217029947	0.790854871956658	5.078451
ID53_2nd	0.0797766174684612	0.0655195019196438	0.102169468908408	0.118564328814084	0.200650000936371	0.0253708374265992	0.091085313263803	0	0	0	0.324289154559903	0	0.474977514471638	0	0	0.223500135340297	0	0.00569765127847217	0.532226226690645	0	0.077195256686548	3.80567599223513	9999	0.368003491229771	1.04077535815356	6.126698
ID53_3rd	0.134114787485515	0.169562238430535	0.0442116457473215	0.844749085573338	0	0.277267676877968	0.39044189476897	0.0927891057744137	0	0	0.538968297425276	0.111946341087681	0.0338785088419059	0	0	0.378403156950377	0.0427545797282978	0.0484182922550069	0.412610945505538	0	0.114151947443177	4.69497149610468	9999	0.659997326366204	0.758066470682429	8.32924
ID54_1st	0.395425427373564	0.169345288543291	0.0234895612329157	0.966632619883756	0	0.400761777959553	0.374224385818214	0	0	0	0.751177325391738	0	0.326253857387606	0	0	0.759351529424299	0	0.163668213472967	0.263165047037887	0	0	4.70570896647421	9999	0.708961388522968	0.707002836639908	9.299204
ID54_2nd	0.353107051522725	0.169567247252957	0	1.90881120006235	0.214104608327931	0	0.576681110073797	0.0251938998520172	0	0	0.920825025887603	0	0.825375240863607	0	0	0.241997874903303	0	0.0389174966416982	0.460897685111392	0	0.194389237385491	3.47835632211512	9999	0.689634096875045	0.73098707509343	9.408224
ID54_3rd	0.433559798810452	0.0606275329323453	0	1.54925321343954	0	1.09207339424391	0.290293352799065	0.0908904089122295	0	0	0.778378409999919	0	0.411533565186409	0	0	0.203662217448046	0	0.000721605863977278	0.33853512619838	0	0.0540754686307546	3.06775290553497	9999	0.641629079111214	0.769125093293751	8.371357
ID55_1st	0.0460140899243913	0.10027229281198	0.000415848836903938	0	0.0563729056140907	0	0.195527284364206	0.0159351709376614	0	0.0187873543921222	0.252266303827857	0	0	0	0	0.0506349536352212	0	0.0842713290216639	0.234662436070272	0	0	3.72349003056363	9999	0.756980383927204	0.695885168453885	4.77865
ID56_2nd	0.068262573344252	0.0358956876173168	0.0714234127864754	0.421140676892066	0.158709056653139	0.152854014559604	0.557678635191835	0.127544929257477	0	0	0.34982540073694	0.0997364088906281	0.633009527181553	0	0	0.466491016492533	0	0	0.340917649589375	0	0	4.4801410108068	9999	0.758408306895835	0.653443584955131	7.96363
ID56_3rd	0	0.0721098433946916	0.0327335207635091	0.464535983875415	0.26501911557853	0.706307105778562	0.265055261654588	0	0	0	0.544496693646565	0	0.673036512745277	0	0	0.110729930692731	0	0.0278216349889349	0.155288160933257	0	0	4.15372023594794	9999	0.688582456203102	0.73086132374978	7.470854
ID57_1st	0.0217442619618835	0.000588451342962966	0.00894107804109633	0	0.0984128599740703	0	0.0205959334742311	0	0	0.0148725409949967	0.127944175061453	0	0.231829288925662	0	0	0.0605211006438722	0	0.0277317798872299	0.0850407743774234	0	0	1.48517275531512	9999	0.724730836027027	0.716925637003395	2.183395
ID58_1st	0.124565250232636	0.234107822813406	0.000923771633781987	0.0331027672321764	0.824921630470664	0.749444703541653	0.457069724777672	0	0	0	0.940494757183689	0	0.20486450164541	0	0	0.332545329934831	0	0.159576738000629	0.807101042173511	0	0.268366363396	6.39853159696394	9999	0.731235091079736	0.683839887349666	11.535616
ID59_1st	0.0410769783812843	0.0532311413894052	0.0277943399233276	0.0042787315318383	0.167248303676842	0	0.0574073686968818	0.000981398434783182	0	0.0102091274311126	0.239780020505616	0	0.361501092707989	0	0	0.138950632917599	0	0.0518995163687499	0.206946347414747	0	0	2.20379300061982	9999	0.660872915950211	0.772999952661723	3.565098
ID59_2nd	0.0691394583025925	0.0026824710038936	0.00709773146719683	0	0.187421836590014	0	0.0730547956559427	0	0	0.018080425326414	0.240392686306651	0	0.188294059107056	0	0	0.106465580371613	0	0.0431943244234703	0.205516416732116	0	0	1.94589321471304	9999	0.585720812378747	0.850192183581895	3.087233
ID59_3rd	0.0731983033456293	0.104667470461717	0.0057486989854804	0.154945233562161	0.146296278364853	0.196904485118799	0.198319203358888	0.0302412479789093	0	0	0.671451925968644	0	0.658404742966164	0	0	0.216552269576075	0	0.099338306595051	0.00758110074907781	0	0	3.95167973296855	9999	0.68579193044913	0.743838008979743	6.515329
ID60_1st	0.0568065080515777	0	0.0545967665775343	0.0797323887693809	0.108414233741074	0	0.101714041945104	0.0517237521645677	0	0	0.317810813195313	0	0.428279170233152	0	0	0.0607602579958266	0.00269063098926868	0.0702214516922028	0.234681646499031	0	0	3.35560733814597	9999	0.783775230742924	0.63596521537818	4.923039
ID60_2nd	0.0908676275550648	0	0.0583711547293236	0.00119382414373839	0.16970410912845	0	0.135193538847642	0	0	0	0.319920068293266	0	0.276207136112183	0	0	0	0.00386318280429465	0.0688122003323907	0.36488207020247	0	0	3.19251008785118	9999	0.770459664076439	0.652315607326914	4.681525
ID61_2nd	0.288423754742752	0.486741321604179	0	0.570407553681434	0.915822974582674	1.37541292015772	0.316958952753934	0	0	0	0.611645215678764	0	0	0	0	0.132570944139584	0	0.00211929616642579	0.169476501174772	0	0.0894755165862257	6.69544704873154	9999	0.745561065644618	0.668914875720092	11.654502
ID62_1st	0.147649222269473	0.0182632610308771	0.0121208978812096	0.461138767017341	0.0706438281967766	0	0.242263177946088	0.175123766121739	0	0	0.625024415677742	0	0.796558979491477	0	0	0.40209610449419	0	0	0.407129716772602	0	0.00637836253322894	4.04873850056726	9999	0.624406623393274	0.794345446486115	7.413129
ID62_2nd	0.304313338026098	0.102101671530095	0	1.92458719677655	0.126700492521869	0.10819682679828	0.016787335588523	0	0	0	0.928759480472268	0	1.31886313739866	0	0	0.61753410094058	0.0400834588954748	0	0	0.138711356366694	0.535590250075608	3.89368335460929	9999	0.706188416715924	0.712685362238859	10.055912
ID62_3rd	0.217949199210559	0	0.037926136564224	1.03393789711775	0	0.316971936533942	0.0883870824207297	0.223404047522907	0	0	0.483912536960545	0	0.166251283935231	0	0	0.416391723187764	0.0404839624543496	0.0188731728914044	0.471121303048449	0	0.272463894304322	5.37983282384782	9999	0.720532860402882	0.698587478095154	9.167907
ID63_1st	0	0.321529153301396	0.00473071817288518	0.112479387891252	0.120568781460752	0.464391919681421	0.435680292808223	0	0	0	0.674019190402785	0	0	0	0	0.380376444678491	0.0200829514968072	0.0222187521388627	0.249782768641729	0	0	6.6071866393254	9999	0.746449852556133	0.685436008380254	9.413047
ID63_2nd	0.223990804855142	0.0840592470951445	0.0710814960153871	0.589618591835626	0.275386381589923	0.542077540931231	0.110851819534629	0	0	0	0.385249119546386	0	0	0	0.0187187351048742	0.462078124141403	0.0538767291766615	0	0.289605837113301	0	0	6.63509057306029	9999	0.730693462425763	0.700932551083791	9.741685
ID64_1st	0.144583627208067	0.130332581949046	0	0.164012355222695	0.167363273877267	0.363017346380586	0.332691604282644	0.00616121879698884	0	0	0.643292604017719	0	1.44428184650346	0	0	0.231920541833672	0	0	0.101813811617929	0	0.0455617865843358	4.09282440172559	9999	0.590267130365414	0.82643207199964	7.867857
ID65_1st	0.253488651040765	0.407938549022566	0	1.68003102469302	0.466319166533955	0	0.410716351037361	0	0	0	1.24827954526351	0	0.414215782352067	0	0	0.450472574993569	0	0	0.236523606835352	0	0.790065814729186	3.75855693349865	9999	0.608916441204803	0.79380815443394	10.116608
ID66_1st	0.0229008326307995	0.00295473656874581	0.0128024202378673	0	0.115546847125163	0	0.0337784096404119	0	0	0.0605093609869644	0.140668351042404	0	0	0	0	0	0	0.0347338508364693	0.111761839665148	0	0	2.34034535126603	9999	0.743325598553395	0.730893896688921	2.876002
ID66_2nd	0	0.169178579337327	0.00545362285862883	0.302143685343483	0.533906283925482	0.247259768817859	0.117559572444109	0.00985163153615376	0	0	1.05823949100156	0	0.398999688156439	0	0	0.15451799803981	0	0	0.381132171842855	0	0.120220187056322	4.28801431963997	9999	0.685242502514837	0.733668820381733	7.786477
ID67_1st	0.054710512712689	0.00369775674197511	0.0101983782046141	0	0.153842873791949	0	0.0290908643432705	0.0428556008262231	0	0.0206371616058286	0.121648860608602	0	0	0	0	0.0792274766490067	0.00220652449994179	0.0436673913695108	0.0138789935646055	0	0	2.13655960508178	9999	0.621394058011235	0.871785074030501	2.712222
ID68_1st	0.0385955055034012	0	0.0135181284460809	0	0.0466157819412759	0	0.0322014113263936	0	0	0.0158720017454114	0.104180534311255	0	0	0	0	0	0.00760389106198889	0.0391637542669103	0.117574065069929	0	0	2.06657292632735	9999	0.761635194837575	0.713196447695027	2.481898
ID69_1st	0.171981724462976	0.0787052881512963	0.0130818967837256	0.597904556968147	0.308948987614654	0	0.391758383218907	0.256449070832662	0	0	0.744267147628613	0	0	0	0	0.478120685075276	0.0340145109232046	0.114802760351381	0.530913540952437	0	0	5.06889744703672	9999	0.739766769475489	0.675397251015381	8.789846
ID69_2nd	0	0.0652403638446261	0	0.938754800905421	0.240948365674064	0.17741784733413	0.53378349037821	0.0419214748611581	0	0	1.36008101514836	0	1.11904329190345	0	0	0.211650484067556	0	0	0.350045851022926	0	0	4.5638010148601	9999	0.712847241553768	0.702577383114147	9.602688
ID70_1st	0.0275681456719404	0.0213197049231285	0.012852129419571	0	0.0402502934008561	0	0.0382223579690632	0	0	0.015180232888746	0.116071975033137	0	0	0	0	0	0.0011292323086885	0.0269055028702796	0.0933488596742105	0	0	1.75421356584038	9999	0.740885001133872	0.735281879258858	2.147062
ID70_2nd	0.0921872168391701	0.0537508056915525	0.0385427459125895	0	0.187561724362568	0	0	0	0	0.00303017912936059	0.275071978254024	0	0.52776258661158	0	0	0.210913269784866	0	0.0671791793430224	0	0.219617340467756	0	3.15538897360351	9999	0.712655212063815	0.7251596098193	4.831006
ID71_1st	0	0.173331863107334	0.0135887225357231	0.371992555191146	0.234923496832251	0	0.47496292153144	0	0	0	1.14458427022302	0	1.95957470834905	0	0	0.208961942154011	0	0.0309044390726064	0.0916562961121071	0	0	3.88509878489131	9999	0.714212647765539	0.700640014250558	8.58958
ID71_2nd	0.133014845720346	0	0.0551913979527285	0.07270303929208	0.107597891837556	0	0.199650437333406	0.0349241052134599	0	0.022171500078971	0.392125844268545	0	0.0544819300394396	0	0	0	0.0372590786028416	0.0951154472555722	0.408539838550516	0	0	4.46183564385454	9999	0.759986452035323	0.676944853328195	6.074611
ID72_1st	0	0.130033762852955	0	0	0.151936062021841	0	0.0548803164058989	0	0	0.0450740547983386	0.170350295669821	0	0.107455791404885	0	0	0	0.000297764659072954	0.0103400704917679	0.159422412805853	0	0	2.40723146888957	9999	0.711620170673059	0.747155156050121	3.237022
ID72_2nd	0.216560361597804	0	0	0.00497382042577478	0.100786679619109	0.279737377833668	0.233641697228057	0	0	0	0.52296590695348	0	1.11811389037354	0	0	0.0129684845216621	0	0.00259801053909265	0.240646387173402	0	0.0418710180223095	4.6600463657121	9999	0.625076870935785	0.818754655633642	7.43491
ID8_1st	0.221593689800635	0	0	0.0196667513111117	0.224035977109862	0.840861331349784	0.280157047911608	0	0	0	0.69488895706819	0	0.64006019592427	0	0	0.0028191229228676	0	0	0.264804869968635	0	0	5.69485705663303	9999	0.813528336216544	0.58638462224195	8.883745
ID8_2nd	0.149605215186497	0	0.020909366806058	0	0.151381894642272	0.0443858728590719	0.0911134784594055	0.0567024953499323	0	0.0605036668920279	0.221413197624406	0	0.0632787332810345	0	0	0	0.0132208339093044	0.084948162210798	0.261961021876354	0	0	3.98840506090284	9999	0.796131671662198	0.635385643262724	5.207829
